0 0.976338 0.298482 0.029641 0.145305
0 0.029103 0.357122 0.034207 0.171805
0 0.068283 0.390305 0.030910 0.123146
0 0.110021 0.410579 0.025834 0.122402
0 0.151724 0.415744 0.024276 0.123878
0 0.191303 0.400628 0.026745 0.108402
0 0.234283 0.342744 0.020841 0.129780
0 0.275559 0.396939 0.028359 0.114293
0 0.316000 0.403207 0.034207 0.115024
0 0.357814 0.383671 0.032317 0.117244
0 0.398276 0.378780 0.029655 0.118537
0 0.440483 0.352970 0.027448 0.107695
0 0.481890 0.318238 0.026676 0.123646
0 0.524759 0.366354 0.027448 0.112805
0 0.564821 0.389933 0.029503 0.111524
0 0.604814 0.389616 0.031697 0.119817
0 0.647662 0.383878 0.031048 0.116000
0 0.686986 0.374646 0.030248 0.116610
0 0.729517 0.316640 0.033103 0.151037
0 0.770228 0.381970 0.029559 0.101963
0 0.812069 0.390890 0.031034 0.122366
0 0.852400 0.384829 0.028110 0.142122
0 0.893138 0.386195 0.027379 0.124098
0 0.934559 0.338311 0.025255 0.138305
