0 0.474814 0.315061 0.028690 0.120634
0 0.971786 0.370524 0.029917 0.166341
0 0.929710 0.312415 0.031834 0.172415
0 0.888297 0.261738 0.036179 0.176817
0 0.846897 0.270829 0.026759 0.147610
0 0.806069 0.284323 0.031172 0.152573
0 0.764062 0.283220 0.032952 0.150366
0 0.723538 0.302226 0.033007 0.147622
0 0.682083 0.290366 0.031200 0.136098
0 0.642000 0.260482 0.030483 0.138793
0 0.599745 0.315061 0.031766 0.128341
0 0.557979 0.318085 0.031821 0.137707
0 0.515317 0.325244 0.033669 0.138805
0 0.434683 0.280634 0.032952 0.125585
0 0.392607 0.258323 0.029903 0.130549
0 0.351800 0.263006 0.028014 0.093646
0 0.310966 0.290823 0.024966 0.091988
0 0.268924 0.291098 0.025572 0.105756
0 0.226897 0.298537 0.026207 0.115122
0 0.187324 0.266567 0.026786 0.125085
0 0.145552 0.213713 0.019379 0.126134
0 0.022262 0.277884 0.027972 0.121183
0 0.063621 0.286689 0.031241 0.114573
0 0.104793 0.285317 0.028621 0.117317
