0 0.587517 0.346494 0.026897 0.113305
0 0.033172 0.500634 0.028000 0.140780
0 0.074676 0.465213 0.029903 0.143354
0 0.129724 0.514713 0.024138 0.105793
0 0.168303 0.475463 0.027917 0.119439
0 0.213241 0.448159 0.028414 0.117732
0 0.253510 0.421518 0.033917 0.139012
0 0.296855 0.455555 0.031228 0.124256
0 0.338828 0.440799 0.030207 0.124256
0 0.380862 0.416043 0.030138 0.122354
0 0.422283 0.409854 0.030221 0.136634
0 0.461055 0.382707 0.029145 0.137610
0 0.503324 0.378421 0.035062 0.149037
0 0.545517 0.354110 0.033379 0.104732
0 0.627103 0.328159 0.026345 0.114732
0 0.668545 0.273652 0.023159 0.138061
0 0.711103 0.331024 0.026345 0.117585
0 0.752303 0.344354 0.029021 0.116634
0 0.793455 0.324354 0.027462 0.110927
0 0.834138 0.320305 0.025793 0.103780
0 0.875634 0.289841 0.024648 0.119024
0 0.917379 0.246518 0.027586 0.132354
0 0.957379 0.283317 0.024552 0.114927
