0 0.988117 0.282488 0.020924 0.161878
0 0.865228 0.298098 0.024524 0.111537
0 0.042828 0.198354 0.024414 0.127463
0 0.085331 0.229262 0.024455 0.115354
0 0.125634 0.231500 0.023131 0.118537
0 0.947793 0.307409 0.032414 0.142622
0 0.907048 0.296695 0.033131 0.109244
0 0.823434 0.299213 0.030262 0.139890
0 0.289634 0.246305 0.026717 0.134805
0 0.164924 0.227994 0.025297 0.125549
0 0.207510 0.251256 0.026607 0.104512
0 0.248552 0.240098 0.028138 0.121732
0 0.331076 0.277384 0.026014 0.122354
0 0.373648 0.325811 0.025917 0.127476
0 0.413262 0.316610 0.025972 0.129317
0 0.455476 0.328030 0.025159 0.142159
0 0.495414 0.324549 0.028897 0.122366
0 0.537234 0.300012 0.030331 0.131927
0 0.579048 0.336659 0.031752 0.110878
0 0.621241 0.331555 0.030897 0.107061
0 0.662331 0.310841 0.022317 0.116634
0 0.701993 0.303201 0.026607 0.115354
0 0.741614 0.282482 0.026676 0.118549
0 0.784828 0.288860 0.023724 0.124915
