0 0.208966 0.421793 0.031724 0.120195
0 0.992834 0.345354 0.014331 0.115122
0 0.953014 0.333915 0.025476 0.125878
0 0.911834 0.334067 0.023117 0.115671
0 0.870103 0.341213 0.024345 0.125598
0 0.829924 0.334707 0.026193 0.126488
0 0.787310 0.344256 0.028138 0.136049
0 0.745531 0.363530 0.030510 0.131646
0 0.705634 0.386939 0.030579 0.143220
0 0.094138 0.371628 0.033793 0.164671
0 0.138545 0.331073 0.031848 0.177512
0 0.291986 0.441341 0.030869 0.129756
0 0.168966 0.414287 0.027034 0.122012
0 0.663628 0.435415 0.032359 0.126683
0 0.621428 0.458494 0.028234 0.125378
0 0.249862 0.432482 0.031586 0.120939
0 0.332000 0.453896 0.030897 0.132671
0 0.373752 0.475988 0.030814 0.125366
0 0.048779 0.408317 0.037697 0.139073
0 0.415428 0.495512 0.030855 0.129073
0 0.455724 0.518671 0.033931 0.116634
0 0.496828 0.503378 0.035310 0.128098
0 0.540759 0.506561 0.036828 0.128098
0 0.581517 0.494482 0.031724 0.126768
0 0.017000 0.442872 0.016345 0.156988
