0 0.075648 0.786085 0.013697 0.229439
0 0.404986 0.533067 0.036731 0.106183
0 0.447959 0.511683 0.027503 0.129780
0 0.489241 0.508354 0.038345 0.139366
0 0.531283 0.545518 0.029572 0.139573
0 0.572000 0.565067 0.031724 0.122354
0 0.613110 0.572780 0.028897 0.121122
0 0.654759 0.602841 0.030897 0.138220
0 0.696290 0.651049 0.028993 0.116878
0 0.126455 0.555183 0.031669 0.146000
0 0.738276 0.670244 0.031862 0.122854
0 0.777372 0.682189 0.034745 0.133085
0 0.819359 0.691573 0.037614 0.122854
0 0.862793 0.706073 0.031793 0.129683
0 0.903745 0.714183 0.032869 0.118585
0 0.944772 0.718451 0.035752 0.122000
0 0.983379 0.720152 0.029931 0.144183
0 0.169779 0.441994 0.025076 0.154110
0 0.365372 0.530116 0.032538 0.103232
0 0.200690 0.441994 0.031724 0.152646
0 0.241510 0.471854 0.026745 0.135683
0 0.282414 0.504299 0.029931 0.106183
0 0.323283 0.514256 0.033324 0.120195
0 0.095821 0.712482 0.016579 0.165061
