0 0.099407 0.531409 0.029986 0.109134
0 0.221662 0.532896 0.031738 0.119524
0 0.845221 0.476043 0.025834 0.109500
0 0.886959 0.465805 0.027434 0.117585
0 0.928655 0.454616 0.026966 0.119963
0 0.970669 0.433646 0.030166 0.121927
0 0.058903 0.519982 0.030910 0.121671
0 0.020572 0.502280 0.027517 0.171805
0 0.264897 0.506220 0.024138 0.151951
0 0.306021 0.510591 0.029972 0.114573
0 0.347476 0.484976 0.026814 0.128341
0 0.389828 0.471201 0.029310 0.132744
0 0.430352 0.470104 0.024290 0.130549
0 0.471793 0.462665 0.024966 0.124476
0 0.513159 0.470927 0.026869 0.124488
0 0.554338 0.480293 0.026745 0.120073
0 0.597317 0.503976 0.028014 0.118976
0 0.637490 0.512518 0.023669 0.118427
0 0.679228 0.517470 0.027421 0.112915
0 0.719207 0.501268 0.032345 0.123780
0 0.761745 0.483421 0.028041 0.126159
0 0.803793 0.488421 0.030207 0.114256
0 0.182379 0.540884 0.031793 0.124476
0 0.141269 0.538128 0.034262 0.129988
