0 0.194731 0.259976 0.035807 0.125366
0 0.232655 0.244488 0.025034 0.129780
0 0.273510 0.269195 0.028400 0.129049
0 0.316503 0.290207 0.029145 0.148951
0 0.358979 0.288774 0.026097 0.120622
0 0.398814 0.295384 0.024938 0.131646
0 0.439924 0.275000 0.027434 0.133854
0 0.481034 0.273049 0.027448 0.116829
0 0.521869 0.267567 0.028014 0.121183
0 0.562634 0.244988 0.026234 0.132195
0 0.604414 0.244433 0.024828 0.121183
0 0.645545 0.231768 0.029848 0.112366
0 0.688483 0.204774 0.022483 0.126695
0 0.727448 0.196512 0.021793 0.118976
0 0.768559 0.201744 0.021807 0.119537
0 0.811262 0.205604 0.023628 0.123939
0 0.851724 0.221848 0.023724 0.116768
0 0.893793 0.203677 0.024276 0.115671
0 0.934593 0.203671 0.031145 0.133293
0 0.975724 0.217445 0.023724 0.137695
0 0.150890 0.276195 0.025090 0.110610
0 0.110455 0.268085 0.022566 0.123878
0 0.070028 0.242280 0.026676 0.132732
0 0.026690 0.239701 0.026621 0.140841
