0 0.982828 0.453793 0.024966 0.106195
0 0.858559 0.432043 0.026634 0.112817
0 0.817641 0.440518 0.023421 0.131256
0 0.942759 0.462250 0.030069 0.104012
0 0.901483 0.410287 0.025862 0.126841
0 0.775103 0.432091 0.026621 0.112720
0 0.733883 0.416921 0.030800 0.122402
0 0.693379 0.374152 0.023448 0.128305
0 0.651703 0.321799 0.030028 0.140110
0 0.605386 0.365677 0.030910 0.115768
0 0.564621 0.390012 0.025793 0.117244
0 0.526172 0.416927 0.025862 0.135683
0 0.484503 0.446049 0.027490 0.123146
0 0.442745 0.433146 0.024248 0.120927
0 0.401931 0.352061 0.032552 0.162171
0 0.356469 0.391854 0.021655 0.135683
0 0.318490 0.408073 0.030910 0.115024
0 0.277241 0.371195 0.025103 0.118000
0 0.236786 0.331409 0.027503 0.119402
0 0.195938 0.324390 0.027462 0.129024
0 0.154759 0.338360 0.028966 0.110915
0 0.113255 0.342622 0.027062 0.114317
0 0.073676 0.337500 0.027076 0.117732
0 0.031759 0.344329 0.027931 0.139927
