0 0.206903 0.409841 0.033393 0.142317
0 0.123959 0.459616 0.029159 0.128305
0 0.083034 0.455195 0.027586 0.137146
0 0.041448 0.460939 0.034621 0.168805
0 0.988000 0.516274 0.024000 0.132744
0 0.951034 0.515445 0.031172 0.133305
0 0.910897 0.531140 0.034207 0.139354
0 0.866959 0.516823 0.037366 0.144866
0 0.825807 0.489829 0.031200 0.121732
0 0.785317 0.463116 0.032428 0.156427
0 0.743310 0.396470 0.034207 0.142110
0 0.700607 0.315774 0.032386 0.176817
0 0.661055 0.353506 0.030524 0.147622
0 0.619945 0.364506 0.030510 0.187305
0 0.579448 0.371384 0.033103 0.155939
0 0.538000 0.358738 0.032414 0.158085
0 0.496545 0.356848 0.033090 0.158573
0 0.453876 0.311098 0.029959 0.170756
0 0.414359 0.292091 0.031752 0.162500
0 0.369200 0.354884 0.031090 0.145963
0 0.329952 0.362317 0.027352 0.123390
0 0.290986 0.357085 0.025559 0.123927
0 0.247524 0.337213 0.023876 0.156329
0 0.164000 0.425317 0.027586 0.143805
