0 0.172097 0.488622 0.034952 0.116220
0 0.216379 0.479537 0.031103 0.112366
0 0.257807 0.488067 0.034234 0.111817
0 0.295455 0.509274 0.033697 0.110159
0 0.339379 0.530207 0.032966 0.105756
0 0.379897 0.543701 0.035490 0.110720
0 0.419759 0.554994 0.034276 0.077110
0 0.461931 0.542122 0.035310 0.093049
0 0.501972 0.519500 0.028772 0.088585
0 0.541241 0.495598 0.035310 0.093049
0 0.586614 0.484445 0.036814 0.074573
0 0.625566 0.468494 0.030993 0.112768
0 0.661241 0.480622 0.025931 0.115341
0 0.700186 0.456707 0.028786 0.135122
0 0.741531 0.447994 0.025959 0.135110
0 0.784366 0.463287 0.023903 0.115988
0 0.824055 0.493561 0.025269 0.116634
0 0.866586 0.496110 0.026690 0.114073
0 0.906621 0.499616 0.025931 0.110890
0 0.947310 0.496110 0.026759 0.108976
0 0.987503 0.498976 0.024993 0.087951
0 0.132007 0.512488 0.032566 0.111341
0 0.091579 0.523915 0.035021 0.116512
0 0.049476 0.540140 0.030814 0.115037
