0 0.076234 0.272396 0.028883 0.154427
0 0.986000 0.157293 0.022759 0.114390
0 0.949241 0.134049 0.020966 0.120561
0 0.904552 0.127671 0.019034 0.125902
0 0.861972 0.123348 0.018566 0.155939
0 0.823752 0.105659 0.023255 0.141951
0 0.780959 0.090640 0.019572 0.123427
0 0.739552 0.089439 0.018690 0.131293
0 0.698828 0.096768 0.026621 0.151049
0 0.658083 0.122579 0.020166 0.124915
0 0.614793 0.138835 0.026000 0.129378
0 0.573034 0.157018 0.027448 0.133793
0 0.532497 0.163409 0.022483 0.136085
0 0.490690 0.163787 0.026069 0.148549
0 0.451407 0.167957 0.026676 0.145305
0 0.409931 0.210116 0.026759 0.145890
0 0.368090 0.218220 0.024179 0.138220
0 0.327131 0.230171 0.025021 0.136512
0 0.285628 0.258323 0.023117 0.139915
0 0.244124 0.267280 0.021214 0.133951
0 0.205510 0.252774 0.030883 0.157841
0 0.164490 0.274957 0.026083 0.151012
0 0.118159 0.296713 0.024179 0.139915
0 0.039076 0.261305 0.027945 0.174902
