0 0.422400 0.451720 0.023007 0.121732
0 0.048931 0.305811 0.031655 0.168256
0 0.089959 0.281585 0.031779 0.142756
0 0.133166 0.259134 0.029641 0.178902
0 0.175034 0.271366 0.029241 0.151902
0 0.215945 0.301591 0.024166 0.137159
0 0.255752 0.351195 0.027366 0.126683
0 0.296862 0.393878 0.024897 0.130537
0 0.338593 0.427756 0.026152 0.121171
0 0.379083 0.425549 0.024924 0.125585
0 0.463517 0.492750 0.028000 0.115671
0 0.503869 0.236591 0.034883 0.239866
0 0.545834 0.373079 0.036221 0.190744
0 0.586966 0.379311 0.033793 0.162963
0 0.627510 0.372909 0.031848 0.160402
0 0.669979 0.335366 0.029890 0.121146
0 0.709034 0.323854 0.031862 0.128829
0 0.752959 0.305512 0.027021 0.136512
0 0.794945 0.296976 0.024097 0.116024
0 0.835000 0.287165 0.025034 0.116890
0 0.875959 0.295268 0.020331 0.114317
0 0.918910 0.304659 0.023200 0.124561
0 0.958000 0.312762 0.024138 0.110061
0 0.995586 0.317037 0.008828 0.106659
