0 0.240979 0.416189 0.031752 0.134476
0 0.983828 0.397707 0.028069 0.151049
0 0.943441 0.422561 0.028124 0.142122
0 0.863055 0.425116 0.025972 0.120451
0 0.821600 0.412366 0.028166 0.121732
0 0.780869 0.370622 0.026014 0.140220
0 0.737979 0.324098 0.029614 0.123634
0 0.696166 0.331738 0.022400 0.136402
0 0.654014 0.384006 0.028855 0.110890
0 0.614041 0.382098 0.028083 0.108341
0 0.571862 0.390061 0.025931 0.110244
0 0.530738 0.378274 0.023131 0.110890
0 0.491117 0.352457 0.028855 0.129378
0 0.448952 0.387195 0.028110 0.113439
0 0.408221 0.408220 0.028855 0.108341
0 0.364621 0.401848 0.029655 0.114720
0 0.324276 0.384646 0.029517 0.133829
0 0.282834 0.369030 0.030221 0.121720
0 0.900966 0.443280 0.028138 0.117268
0 0.199545 0.449970 0.026676 0.119183
0 0.159552 0.442323 0.030276 0.105159
0 0.117710 0.441049 0.033214 0.102610
0 0.033469 0.371939 0.029972 0.120927
0 0.076000 0.405488 0.033379 0.114293
