0 0.370159 0.101524 0.027186 0.130317
0 0.987007 0.305695 0.025048 0.177707
0 0.949910 0.302744 0.029200 0.129049
0 0.909890 0.306799 0.027503 0.135671
0 0.868979 0.261817 0.032579 0.143049
0 0.826110 0.288366 0.024910 0.123878
0 0.784372 0.263293 0.028331 0.117976
0 0.744297 0.225323 0.026745 0.099598
0 0.756000 0.265878 0.018345 0.081854
0 0.700545 0.206146 0.024290 0.126098
0 0.661752 0.147159 0.025021 0.117244
0 0.629683 0.202091 0.019117 0.087012
0 0.618828 0.143470 0.024138 0.102500
0 0.577083 0.146787 0.024234 0.115037
0 0.534572 0.138305 0.022524 0.126098
0 0.494972 0.106232 0.024979 0.122415
0 0.451655 0.084573 0.026621 0.111341
0 0.410014 0.106232 0.019752 0.123878
0 0.327710 0.137238 0.025103 0.116793
0 0.287193 0.161055 0.025421 0.125085
0 0.247097 0.154762 0.023572 0.117402
0 0.204483 0.159524 0.021903 0.095585
0 0.162759 0.158293 0.024000 0.097439
0 0.121593 0.146152 0.022221 0.097110
0 0.080393 0.184720 0.022579 0.101732
0 0.038634 0.196561 0.022648 0.100805
