0 0.137262 0.333787 0.027903 0.154988
0 0.218172 0.346128 0.035793 0.159915
0 0.259524 0.356494 0.037945 0.154988
0 0.300241 0.359457 0.036897 0.182622
0 0.339917 0.370805 0.035697 0.181634
0 0.383621 0.370311 0.035379 0.192500
0 0.424531 0.347171 0.033338 0.151902
0 0.465393 0.318787 0.025103 0.121695
0 0.505800 0.308085 0.029255 0.120927
0 0.547538 0.279323 0.024179 0.120939
0 0.589241 0.257573 0.030897 0.129049
0 0.630966 0.237293 0.027448 0.129780
0 0.671393 0.229555 0.024993 0.118720
0 0.712241 0.238768 0.023379 0.123878
0 0.753503 0.270110 0.024248 0.114293
0 0.794834 0.235451 0.023324 0.111341
0 0.835241 0.233976 0.024138 0.117244
0 0.876531 0.234341 0.025062 0.110610
0 0.917028 0.243195 0.022469 0.126829
0 0.959124 0.280061 0.025007 0.104707
0 0.018345 0.357482 0.020110 0.149061
0 0.054069 0.347116 0.031172 0.142159
0 0.098214 0.339713 0.030083 0.147085
0 0.176897 0.349091 0.033517 0.155963
