0 0.509621 0.422470 0.028483 0.107110
0 0.424103 0.399494 0.027379 0.105159
0 0.464828 0.439043 0.028966 0.115159
0 0.548531 0.411921 0.025890 0.110890
0 0.589593 0.400134 0.023048 0.116634
0 0.631014 0.371768 0.026717 0.122366
0 0.672145 0.356159 0.023738 0.108976
0 0.712138 0.311866 0.018759 0.127463
0 0.755379 0.311543 0.021655 0.120451
0 0.795055 0.293378 0.021559 0.118537
0 0.836855 0.297524 0.021572 0.114073
0 0.879393 0.302299 0.024441 0.130012
0 0.920779 0.311226 0.025283 0.127451
0 0.962234 0.316963 0.025986 0.127463
0 0.383379 0.431994 0.023862 0.105159
0 0.344117 0.417018 0.036097 0.155500
0 0.301607 0.427524 0.028869 0.119195
0 0.260193 0.446976 0.032386 0.136390
0 0.217186 0.454421 0.036855 0.144134
0 0.176455 0.445079 0.033462 0.186500
0 0.056690 0.456555 0.026014 0.150378
0 0.088828 0.223396 0.050207 0.262646
0 0.015103 0.423323 0.021214 0.101671
0 0.134552 0.450988 0.032414 0.192463
