0 0.898759 0.394835 0.031724 0.135646
0 0.858000 0.379506 0.035724 0.135598
0 0.815848 0.388030 0.035034 0.125159
0 0.775738 0.395799 0.030207 0.134988
0 0.733207 0.384256 0.030138 0.133805
0 0.695221 0.352348 0.030745 0.132817
0 0.652683 0.285939 0.030634 0.124732
0 0.610338 0.268963 0.026690 0.138659
0 0.569862 0.275262 0.029103 0.130524
0 0.529448 0.264963 0.028276 0.132024
0 0.486055 0.244323 0.033379 0.146695
0 0.445586 0.237299 0.027448 0.154841
0 0.404779 0.261262 0.030800 0.139354
0 0.363986 0.321104 0.028938 0.125939
0 0.322759 0.389463 0.031724 0.122000
0 0.074552 0.482299 0.030483 0.163451
0 0.116138 0.483902 0.031448 0.148317
0 0.158276 0.475494 0.034897 0.146793
0 0.198276 0.465841 0.033793 0.143732
0 0.240483 0.443384 0.032690 0.134549
0 0.282897 0.431915 0.034483 0.126902
0 0.034897 0.491073 0.033931 0.157488
0 0.981724 0.405884 0.032966 0.144866
0 0.940241 0.397360 0.037448 0.135524
