0 0.739945 0.413256 0.032441 0.107073
0 0.944966 0.444171 0.031724 0.102610
0 0.904297 0.447976 0.029559 0.100098
0 0.863903 0.449098 0.029600 0.100390
0 0.822483 0.437793 0.031724 0.098780
0 0.781034 0.426963 0.031034 0.089854
0 0.207683 0.509378 0.008717 0.040756
0 0.195221 0.498085 0.003738 0.044610
0 0.186503 0.487348 0.006221 0.069402
0 0.136372 0.542811 0.007724 0.113476
0 0.104276 0.549939 0.027034 0.125415
0 0.059876 0.553354 0.034786 0.128829
0 0.021607 0.547988 0.027959 0.140854
0 0.244069 0.509927 0.031862 0.112366
0 0.286124 0.480067 0.032166 0.118500
0 0.326834 0.450738 0.028841 0.117671
0 0.367317 0.431402 0.032566 0.117683
0 0.408269 0.397659 0.029779 0.129195
0 0.450593 0.388616 0.031669 0.134134
0 0.494117 0.384085 0.029338 0.128366
0 0.533890 0.375646 0.028883 0.138659
0 0.575359 0.371122 0.028786 0.129610
0 0.616297 0.369604 0.028179 0.124915
0 0.657407 0.369280 0.029572 0.117902
0 0.699607 0.378524 0.027352 0.132561
0 0.985766 0.427280 0.028083 0.123634
0 0.163634 0.509665 0.008676 0.060573
