0 0.105641 0.339018 0.028662 0.112915
0 0.147690 0.339024 0.033034 0.115122
0 0.186897 0.315872 0.024276 0.117354
0 0.229283 0.325293 0.026841 0.131561
0 0.269317 0.335024 0.030221 0.116634
0 0.311828 0.347872 0.029172 0.094744
0 0.352531 0.364055 0.030579 0.097598
0 0.393566 0.383146 0.029614 0.100927
0 0.436117 0.398622 0.032814 0.092829
0 0.476186 0.428299 0.032372 0.104890
0 0.518503 0.463110 0.029559 0.095244
0 0.559924 0.491982 0.029641 0.102256
0 0.600607 0.500976 0.027972 0.094732
0 0.641338 0.529183 0.036055 0.127463
0 0.683310 0.517415 0.036414 0.166293
0 0.722041 0.582024 0.036634 0.139366
0 0.760807 0.567963 0.034166 0.154220
0 0.801662 0.577561 0.037531 0.127561
0 0.844172 0.590915 0.039241 0.111341
0 0.886745 0.583884 0.037490 0.126866
0 0.926345 0.586037 0.038345 0.113537
0 0.967614 0.583110 0.040883 0.116463
0 0.024317 0.377579 0.026841 0.137159
0 0.062324 0.363805 0.030579 0.117317
