0 0.262048 0.271555 0.030855 0.144573
0 0.299572 0.275274 0.030869 0.137134
0 0.342566 0.271951 0.029959 0.126098
0 0.383000 0.268628 0.030828 0.153378
0 0.422593 0.278982 0.028359 0.151866
0 0.464276 0.235701 0.031724 0.182378
0 0.504690 0.268366 0.024000 0.140634
0 0.547386 0.291305 0.024152 0.116854
0 0.586000 0.311171 0.024138 0.122829
0 0.628069 0.308835 0.025517 0.104646
0 0.670062 0.299744 0.021228 0.090878
0 0.711517 0.278268 0.025517 0.096390
0 0.752283 0.270555 0.023738 0.107402
0 0.810414 0.239915 0.020276 0.116902
0 0.792897 0.317098 0.027172 0.141000
0 0.852221 0.225128 0.029131 0.143061
0 0.892207 0.213677 0.025793 0.158573
0 0.054352 0.299232 0.030910 0.133463
0 0.012710 0.263104 0.015903 0.148207
0 0.095690 0.316195 0.031655 0.154122
0 0.134869 0.318037 0.030014 0.141585
0 0.176966 0.285982 0.032552 0.131963
0 0.975655 0.208537 0.022483 0.161488
0 0.935986 0.209274 0.023421 0.171817
0 0.219538 0.265140 0.030800 0.148573
