0 0.230310 0.328878 0.034966 0.116512
0 0.274069 0.324067 0.024276 0.121622
0 0.313641 0.300488 0.023421 0.129049
0 0.357469 0.294220 0.024179 0.120927
0 0.397448 0.312287 0.020828 0.133476
0 0.441310 0.363165 0.026621 0.111354
0 0.481752 0.399671 0.032469 0.101756
0 0.522179 0.413994 0.030014 0.137988
0 0.563441 0.416555 0.029228 0.132866
0 0.605607 0.425104 0.031628 0.118720
0 0.646883 0.403720 0.035834 0.126098
0 0.688138 0.415890 0.031724 0.116512
0 0.729821 0.417000 0.035090 0.103976
0 0.773214 0.393768 0.028359 0.110610
0 0.810331 0.415890 0.032524 0.113561
0 0.853662 0.414415 0.029255 0.110610
0 0.892497 0.394134 0.026648 0.117244
0 0.935841 0.344360 0.030028 0.131256
0 0.975028 0.275415 0.030055 0.208683
0 0.107255 0.407409 0.027531 0.108402
0 0.029848 0.447902 0.027917 0.157951
0 0.064297 0.422530 0.040041 0.122402
0 0.189793 0.356159 0.030897 0.113561
0 0.148945 0.378287 0.027545 0.122402
