0 0.234538 0.354378 0.023007 0.126805
0 0.033731 0.310079 0.031048 0.155500
0 0.978786 0.393585 0.030952 0.127415
0 0.934828 0.389128 0.031034 0.118500
0 0.893310 0.384939 0.027448 0.111585
0 0.855145 0.369695 0.024497 0.114024
0 0.810372 0.304146 0.033793 0.126098
0 0.768669 0.412683 0.025890 0.112171
0 0.728986 0.412689 0.025972 0.114720
0 0.687945 0.414915 0.024441 0.124268
0 0.646828 0.419061 0.026069 0.112171
0 0.605738 0.406311 0.023062 0.119817
0 0.566476 0.366159 0.029503 0.123634
0 0.521786 0.370305 0.029503 0.116634
0 0.482117 0.365524 0.030993 0.116000
0 0.442441 0.348317 0.025297 0.121098
0 0.401000 0.360744 0.026000 0.128098
0 0.359607 0.342256 0.030938 0.112805
0 0.318138 0.280762 0.030207 0.158061
0 0.277779 0.331750 0.025903 0.124915
0 0.195607 0.360098 0.027352 0.142146
0 0.153062 0.363610 0.030262 0.151683
0 0.112731 0.343854 0.028772 0.152951
0 0.075572 0.248579 0.028110 0.190549
