0 0.976207 0.351183 0.032414 0.151049
0 0.937276 0.333341 0.025172 0.108976
0 0.897600 0.352463 0.032441 0.116634
0 0.855800 0.374451 0.032428 0.137659
0 0.815048 0.392287 0.031752 0.135110
0 0.772179 0.412689 0.030979 0.135110
0 0.728076 0.385195 0.024703 0.121390
0 0.685497 0.371866 0.035545 0.096634
0 0.645310 0.356085 0.024966 0.104707
0 0.604814 0.348713 0.029214 0.112085
0 0.563545 0.334701 0.025021 0.122402
0 0.521448 0.319585 0.024138 0.127561
0 0.480538 0.318482 0.025903 0.117988
0 0.438869 0.322537 0.029186 0.121659
0 0.400917 0.326220 0.025007 0.133463
0 0.359234 0.324012 0.023297 0.142317
0 0.318738 0.327329 0.025890 0.122415
0 0.274572 0.335445 0.027490 0.112085
0 0.234966 0.333598 0.024966 0.133463
0 0.193234 0.301152 0.030055 0.173280
0 0.148648 0.371939 0.030814 0.123146
0 0.109041 0.337683 0.028290 0.132683
0 0.066048 0.340213 0.029200 0.145305
0 0.027697 0.353140 0.029186 0.150427
