0 0.741655 0.477091 0.033931 0.116159
0 0.986414 0.483280 0.027172 0.078073
0 0.782828 0.489463 0.036552 0.110439
0 0.036966 0.454207 0.036690 0.119463
0 0.080269 0.434994 0.030055 0.146085
0 0.123262 0.428049 0.029145 0.128049
0 0.164110 0.430610 0.029186 0.129780
0 0.206614 0.427293 0.027572 0.127561
0 0.246641 0.426110 0.034248 0.141732
0 0.286724 0.448677 0.032483 0.118720
0 0.328814 0.451994 0.030041 0.119451
0 0.370076 0.454201 0.030910 0.122402
0 0.413076 0.459445 0.034979 0.129622
0 0.454331 0.456299 0.030869 0.118207
0 0.493931 0.458994 0.035034 0.096598
0 0.534434 0.458652 0.032455 0.100232
0 0.576124 0.465262 0.035834 0.097329
0 0.619490 0.466378 0.031255 0.109024
0 0.660972 0.471372 0.032290 0.115207
0 0.824028 0.480183 0.029572 0.113780
0 0.866510 0.488750 0.033986 0.110915
0 0.908566 0.493988 0.030648 0.091878
0 0.948945 0.498030 0.033890 0.085695
0 0.699434 0.473939 0.033628 0.143732
