0 0.989103 0.293841 0.021793 0.115683
0 0.950717 0.294079 0.028055 0.120915
0 0.909586 0.309787 0.025241 0.118061
0 0.866186 0.313360 0.025890 0.121402
0 0.825028 0.292646 0.027434 0.125683
0 0.784641 0.270512 0.025283 0.120439
0 0.166952 0.278707 0.029903 0.121732
0 0.742897 0.236951 0.022621 0.124732
0 0.700621 0.187201 0.029655 0.144256
0 0.660324 0.250329 0.028510 0.152341
0 0.618469 0.297085 0.025600 0.129049
0 0.578414 0.312689 0.028000 0.134720
0 0.536945 0.286268 0.024786 0.118073
0 0.496283 0.242000 0.023186 0.123780
0 0.454821 0.211049 0.029641 0.130439
0 0.413083 0.244140 0.025890 0.121402
0 0.372462 0.261756 0.029614 0.137585
0 0.331793 0.297982 0.030759 0.132744
0 0.291248 0.319805 0.030497 0.129854
0 0.248586 0.301518 0.029862 0.136695
0 0.208690 0.240976 0.031172 0.144317
0 0.126152 0.302683 0.030510 0.106829
0 0.085041 0.314512 0.030497 0.116220
0 0.042462 0.314720 0.032510 0.134195
