0 0.529552 0.195518 0.031241 0.112500
0 0.571310 0.163506 0.027862 0.145232
0 0.612414 0.171518 0.024552 0.102061
0 0.653593 0.176055 0.026083 0.093817
0 0.695248 0.156927 0.020014 0.089293
0 0.733621 0.154866 0.021448 0.106561
0 0.777793 0.139024 0.021517 0.100390
0 0.063007 0.118055 0.026979 0.151866
0 0.818572 0.125250 0.022800 0.124646
0 0.858372 0.144171 0.020469 0.096683
0 0.900214 0.154677 0.023324 0.104476
0 0.941655 0.147872 0.022345 0.105744
0 0.981938 0.147872 0.019048 0.117256
0 0.323890 0.162280 0.016579 0.117902
0 0.363662 0.183957 0.021945 0.092402
0 0.406055 0.172768 0.025076 0.116854
0 0.447483 0.153835 0.026000 0.124256
0 0.280648 0.160043 0.019448 0.122329
0 0.488400 0.198482 0.029766 0.108207
0 0.116028 0.086488 0.023228 0.160390
0 0.161007 0.102061 0.025186 0.156780
0 0.199890 0.122134 0.022400 0.131927
0 0.240979 0.147628 0.022372 0.116622
