0 0.133324 0.303976 0.029959 0.129683
0 0.174345 0.332146 0.028966 0.116000
0 0.214883 0.331274 0.027007 0.129695
0 0.256641 0.316896 0.026662 0.124280
0 0.298421 0.304470 0.031048 0.138939
0 0.340586 0.273238 0.026000 0.135110
0 0.388552 0.324232 0.035310 0.166976
0 0.433269 0.336018 0.030952 0.130646
0 0.471862 0.335695 0.031724 0.113439
0 0.516131 0.327091 0.028124 0.124280
0 0.556883 0.302878 0.028800 0.128098
0 0.596172 0.250939 0.025172 0.123634
0 0.637614 0.224488 0.024469 0.134463
0 0.677621 0.186890 0.028069 0.142122
0 0.769848 0.407713 0.036800 0.170793
0 0.811324 0.415774 0.033131 0.144476
0 0.851703 0.423963 0.031683 0.148488
0 0.893862 0.406122 0.033793 0.148488
0 0.935310 0.404848 0.030234 0.143402
0 0.976717 0.390506 0.035366 0.155500
0 0.734276 0.243982 0.028000 0.487963
0 0.090848 0.326159 0.031903 0.124561
0 0.048448 0.348762 0.037586 0.123720
