0 0.0156994 0.153653 0.0119959 0.14771
0 0.0324908 0.15997 0.0148712 0.157192
0 0.0521595 0.152074 0.0187076 0.155609
0 0.0723088 0.145754 0.01391 0.138229
0 0.0919775 0.141805 0.0167894 0.135071
0 0.111888 0.140222 0.0115133 0.122438
0 0.131078 0.143384 0.0143926 0.133488
0 0.150268 0.138643 0.0143926 0.136653
0 0.171378 0.138249 0.0220695 0.139017
0 0.193204 0.150492 0.0158323 0.16035
0 0.211436 0.157599 0.0187076 0.168249
0 0.232544 0.149306 0.0177505 0.15798
0 0.253894 0.139828 0.0153538 0.151657
0 0.273084 0.13667 0.0153538 0.151657
0 0.291554 0.126007 0.0148712 0.155609
0 0.312182 0.118108 0.0187117 0.161926
0 0.353681 0.164313 0.0163108 0.139024
0 0.372632 0.169054 0.0158323 0.137434
0 0.393022 0.16234 0.0163108 0.125596
0 0.41293 0.161552 0.0158323 0.122431
0 0.43284 0.15602 0.0143926 0.133495
0 0.451311 0.16234 0.0158323 0.139805
0 0.471701 0.161158 0.0163108 0.137441
0 0.491609 0.160367 0.0158323 0.135859
0 0.511039 0.148519 0.0153538 0.1327
0 0.53071 0.144172 0.017272 0.136653
0 0.550378 0.144569 0.017272 0.140599
0 0.570288 0.150492 0.0158323 0.146128
0 0.589479 0.15602 0.0148753 0.141387
0 0.608667 0.157599 0.0148712 0.154027
0 0.629297 0.154047 0.0148712 0.143758
0 0.648247 0.15365 0.0143926 0.146128
0 0.667677 0.153256 0.0148712 0.126377
0 0.687106 0.16471 0.0153497 0.128747
0 0.707258 0.175374 0.018229 0.121643
0 0.726926 0.18169 0.0163149 0.121643
0 0.745636 0.178929 0.0172679 0.108215
0 0.765067 0.169845 0.0148712 0.116902
0 0.786415 0.161943 0.017272 0.129542
0 0.804646 0.165104 0.0153538 0.118478
0 0.822636 0.163919 0.01391 0.105051
0 0.842307 0.165502 0.0177505 0.098734
0 0.861736 0.179323 0.0134356 0.124801
0 0.880924 0.178532 0.0163108 0.135865
0 0.901793 0.173401 0.0158323 0.135071
0 0.920986 0.176953 0.0139141 0.140599
0 0.940413 0.173795 0.0134315 0.140599
0 0.960084 0.175768 0.0153497 0.138229
