0 0.906493 0.173438 0.0144335 0.122471
0 0.926755 0.177094 0.018319 0.12064
0 0.968663 0.185778 0.0155419 0.121549
0 0.948125 0.178465 0.0144335 0.119731
0 0.0300164 0.131397 0.0155419 0.111495
0 0.0511084 0.129114 0.0155419 0.112411
0 0.0702577 0.117687 0.0160982 0.138916
0 0.0907955 0.120431 0.0172065 0.118815
0 0.109949 0.131397 0.0177628 0.0968822
0 0.129652 0.147845 0.0183149 0.129778
0 0.149914 0.157444 0.0166544 0.125205
0 0.17045 0.171155 0.0155419 0.121556
0 0.190155 0.172525 0.0160982 0.135259
0 0.208196 0.177094 0.0155419 0.122471
0 0.229012 0.178923 0.0149898 0.0987071
0 0.268701 0.140535 0.0166503 0.126121
0 0.287575 0.130481 0.0166544 0.106013
0 0.30728 0.131397 0.0160982 0.109677
0 0.327264 0.140081 0.0160982 0.12338
0 0.347802 0.135054 0.0138773 0.113327
0 0.368339 0.13368 0.0160982 0.114242
0 0.388323 0.135508 0.0160982 0.12338
0 0.409137 0.132313 0.0155419 0.118808
0 0.428564 0.13734 0.0155419 0.117899
0 0.44938 0.137798 0.0149898 0.129778
0 0.468808 0.140077 0.0172065 0.127037
0 0.487681 0.136424 0.0160982 0.119731
0 0.508499 0.138253 0.0155419 0.112411
0 0.526816 0.13231 0.0144335 0.124296
0 0.546521 0.121801 0.0149898 0.13435
0 0.567059 0.113118 0.0183149 0.127946
0 0.587597 0.111747 0.0149898 0.130687
0 0.607581 0.116774 0.0172065 0.153535
0 0.627564 0.12637 0.0138773 0.167246
0 0.647546 0.0989529 0.0149857 0.117892
0 0.666975 0.107178 0.0172065 0.150801
0 0.686957 0.110377 0.0149857 0.142572
0 0.706663 0.116774 0.0155419 0.138923
0 0.726644 0.118145 0.0177628 0.141663
0 0.747182 0.125458 0.0155419 0.138
0 0.767168 0.139165 0.0144335 0.130694
0 0.788538 0.141906 0.0138773 0.14897
0 0.806855 0.145104 0.0127689 0.122465
0 0.825174 0.149219 0.0149857 0.116067
0 0.844879 0.149677 0.0155419 0.102357
0 0.865693 0.151047 0.0160982 0.0941347
0 0.886509 0.158815 0.0144335 0.10967
