0 0.0308119 0.143778 0.0143926 0.140606
0 0.05 0.14062 0.0153538 0.131125
0 0.0701493 0.138246 0.0143926 0.124801
0 0.0905399 0.137458 0.0139141 0.120061
0 0.10973 0.139828 0.0177505 0.120061
0 0.130119 0.136667 0.0172679 0.121643
0 0.149548 0.141805 0.0167894 0.124013
0 0.168738 0.145751 0.0148753 0.114532
0 0.189129 0.142199 0.0153538 0.112168
0 0.209037 0.138249 0.0158323 0.115327
0 0.228708 0.135485 0.0148712 0.125596
0 0.247898 0.137458 0.0177505 0.134283
0 0.269487 0.136276 0.0196687 0.150869
0 0.289397 0.135091 0.017272 0.164296
0 0.308585 0.132323 0.0172679 0.155609
0 0.328014 0.135879 0.0187117 0.165872
0 0.348405 0.144175 0.0163108 0.150869
0 0.366873 0.1343 0.0196687 0.17536
0 0.388464 0.137855 0.0187117 0.169825
0 0.409092 0.138643 0.0187076 0.160343
0 0.428763 0.14062 0.0187117 0.164296
0 0.448912 0.146148 0.0187076 0.151663
0 0.468581 0.150492 0.0206299 0.139811
0 0.488969 0.151279 0.0191902 0.139811
0 0.510319 0.151677 0.0206299 0.137441
0 0.530949 0.153256 0.0177505 0.14534
0 0.550139 0.156418 0.0196728 0.148498
0 0.56837 0.158391 0.0187117 0.157185
0 0.58756 0.172215 0.0196687 0.184835
0 0.60627 0.164316 0.0187076 0.169037
0 0.627137 0.166684 0.0163108 0.17536
0 0.646566 0.16471 0.0158323 0.174566
0 0.665278 0.165104 0.0196687 0.200633
0 0.686149 0.173003 0.0143926 0.200633
0 0.704859 0.171027 0.0230266 0.199845
0 0.725008 0.174586 0.0201513 0.200633
0 0.745397 0.163525 0.021591 0.176936
0 0.764346 0.163131 0.0211084 0.176148
0 0.784256 0.154047 0.0167894 0.169037
0 0.804166 0.157997 0.018229 0.172195
0 0.823356 0.150492 0.0211084 0.169832
0 0.845665 0.157993 0.0177505 0.169037
0 0.864135 0.155229 0.0201472 0.185623
0 0.880207 0.163923 0.0196687 0.174566
0 0.902515 0.144569 0.0230266 0.183253
0 0.923382 0.151677 0.0177505 0.210114
0 0.943773 0.159576 0.0201513 0.229064
0 0.963683 0.14931 0.0187117 0.203791
0 0.984072 0.156811 0.018229 0.2267
