0 0.0347321 0.178465 0.0149857 0.12703
0 0.0161391 0.172067 0.0122127 0.108754
0 0.0544397 0.17435 0.0144335 0.124296
0 0.073865 0.169327 0.0155419 0.125212
0 0.0932945 0.1643 0.0144335 0.12429
0 0.112722 0.166586 0.0166503 0.110586
0 0.132982 0.178919 0.0160982 0.126121
0 0.151857 0.178465 0.0149857 0.117899
0 0.171006 0.184404 0.0166544 0.129778
0 0.189325 0.179377 0.0166544 0.119724
0 0.210139 0.181663 0.0160982 0.120633
0 0.230955 0.183492 0.0177628 0.116976
0 0.250106 0.182579 0.0194274 0.115152
0 0.26981 0.188515 0.0177628 0.119724
0 0.288683 0.190343 0.0166544 0.136175
0 0.307278 0.192633 0.0172065 0.142572
0 0.326431 0.191259 0.0177628 0.130694
0 0.346967 0.197199 0.0144335 0.148054
0 0.366119 0.212279 0.0172106 0.159939
0 0.386378 0.202684 0.0166503 0.144397
0 0.405808 0.208168 0.0155419 0.149886
0 0.424679 0.213195 0.0166544 0.145313
0 0.444941 0.211822 0.0160982 0.146229
0 0.464368 0.212279 0.0149857 0.147145
0 0.484074 0.213192 0.0144294 0.154451
0 0.502671 0.217306 0.0116564 0.164512
0 0.521818 0.205424 0.0133211 0.15171
0 0.54208 0.199943 0.0172065 0.166337
0 0.562896 0.2333 0.0199836 0.141657
0 0.580935 0.231929 0.018319 0.138916
0 0.602029 0.22462 0.0160982 0.140741
0 0.620902 0.211367 0.0172065 0.14897
0 0.641996 0.194461 0.0149857 0.138916
0 0.660867 0.176636 0.0160982 0.156276
0 0.679186 0.163842 0.0160982 0.158108
0 0.69917 0.163842 0.0160982 0.145313
0 0.718043 0.175266 0.0172065 0.138923
0 0.738303 0.190805 0.0122127 0.126121
0 0.75773 0.205882 0.0144294 0.13435
0 0.776603 0.20634 0.0133211 0.133434
0 0.797419 0.198114 0.0127689 0.124296
0 0.817957 0.214108 0.0172065 0.14532
0 0.836552 0.227815 0.0155419 0.183697
0 0.855703 0.217764 0.0172065 0.158114
0 0.875965 0.210451 0.0177628 0.150801
0 0.895391 0.213195 0.0166544 0.145313
0 0.91371 0.229189 0.0155419 0.171818
0 0.933415 0.237872 0.0160982 0.167246
0 0.953953 0.244727 0.018319 0.168162
0 0.973658 0.235586 0.0166503 0.15171
