0 0.0151288 0.139667 0.0112065 0.112599
0 0.988039 0.119061 0.0118978 0.128747
0 0.968644 0.133158 0.0124131 0.165468
0 0.948342 0.127569 0.0126748 0.151731
0 0.928685 0.129451 0.0131902 0.142714
0 0.908515 0.134471 0.0121554 0.136579
0 0.887047 0.13936 0.0121554 0.10633
0 0.871661 0.138081 0.0118937 0.135286
0 0.85291 0.14431 0.0111207 0.116229
0 0.832738 0.140943 0.0121513 0.118923
0 0.812049 0.135172 0.0121554 0.093697
0 0.792004 0.131549 0.0134479 0.093266
0 0.772998 0.14166 0.0142249 0.104963
0 0.752307 0.144017 0.0137096 0.112236
0 0.732393 0.145108 0.0142249 0.118673
0 0.71235 0.143347 0.0124131 0.118559
0 0.691789 0.155805 0.0131902 0.148593
0 0.671229 0.157384 0.0124131 0.13897
0 0.651446 0.152492 0.011636 0.135152
0 0.631532 0.158599 0.0106053 0.146505
0 0.612135 0.164545 0.0116401 0.165212
0 0.591703 0.166461 0.0137055 0.17501
0 0.571532 0.167953 0.011636 0.175434
0 0.553816 0.160697 0.0129325 0.152411
0 0.532998 0.146872 0.0116401 0.121354
0 0.0326115 0.144438 0.0117832 0.124687
0 0.512826 0.14368 0.0121554 0.111562
0 0.492264 0.140273 0.0124131 0.112411
0 0.472479 0.137717 0.0168098 0.113266
0 0.453084 0.132822 0.0137096 0.111138
0 0.432137 0.120899 0.0131902 0.112842
0 0.411963 0.117279 0.0137096 0.120081
0 0.391791 0.116643 0.0137096 0.124761
0 0.37136 0.117279 0.0131902 0.132
0 0.351834 0.127926 0.0124131 0.116673
0 0.331143 0.117919 0.0118978 0.123057
0 0.311489 0.123667 0.0129325 0.142215
0 0.29235 0.123027 0.0124131 0.138391
0 0.272049 0.124734 0.0116401 0.126465
0 0.251748 0.127074 0.0118978 0.121785
0 0.231746 0.13038 0.0104294 0.101461
0 0.21146 0.133145 0.00811452 0.103811
0 0.191853 0.133404 0.0079182 0.101785
0 0.172149 0.135987 0.00714519 0.112673
0 0.151767 0.141626 0.00849898 0.118229
0 0.132256 0.141626 0.00888753 0.113785
0 0.11207 0.141586 0.00753374 0.108613
0 0.0926544 0.140155 0.00811452 0.115919
0 0.0724663 0.136912 0.00753374 0.104357
0 0.0518896 0.126882 0.010045 0.0912862
