0 0.971438 0.187148 0.0177628 0.107845
0 0.950622 0.174808 0.0183149 0.121549
0 0.931194 0.162929 0.0172106 0.121549
0 0.911211 0.147391 0.0160982 0.121556
0 0.890951 0.13734 0.0166503 0.110586
0 0.870133 0.147848 0.0216483 0.138916
0 0.849875 0.134141 0.0177628 0.111502
0 0.83017 0.143734 0.0138773 0.13435
0 0.810186 0.147845 0.0149898 0.142572
0 0.790479 0.156529 0.0155419 0.159939
0 0.770775 0.15699 0.0127648 0.142572
0 0.750791 0.153788 0.0138773 0.130687
0 0.730532 0.14602 0.0155419 0.126128
0 0.710548 0.147391 0.0166544 0.117892
0 0.690288 0.146478 0.0138773 0.108754
0 0.671137 0.147391 0.0155419 0.112411
0 0.650599 0.147391 0.0144335 0.130687
0 0.630061 0.154704 0.0166544 0.127037
0 0.61091 0.14602 0.0149898 0.111502
0 0.590928 0.150589 0.0149857 0.107845
0 0.570391 0.154704 0.018319 0.108761
0 0.549853 0.158815 0.0160982 0.118815
0 0.531534 0.156987 0.0160982 0.126121
0 0.510162 0.162926 0.0177628 0.114242
0 0.490458 0.15836 0.0160982 0.119724
0 0.470196 0.159731 0.0166544 0.115152
0 0.451045 0.168411 0.018319 0.0977912
0 0.430507 0.173438 0.0160982 0.107845
0 0.411082 0.17664 0.0138773 0.110586
0 0.35002 0.190805 0.0149857 0.106013
0 0.330315 0.192175 0.0155419 0.103273
0 0.309777 0.190347 0.0144335 0.0996162
0 0.288961 0.18669 0.0160982 0.0996162
0 0.268699 0.184407 0.0155419 0.113327
0 0.249274 0.168411 0.0177628 0.103273
0 0.229288 0.174808 0.0155419 0.117899
0 0.209031 0.173438 0.0149857 0.106013
0 0.189879 0.167956 0.0122086 0.113327
0 0.169618 0.170697 0.0138773 0.115158
0 0.149082 0.177549 0.0172065 0.103273
0 0.12882 0.181209 0.0166503 0.0941347
0 0.108282 0.183946 0.0144294 0.0904781
0 0.0888548 0.186236 0.0166544 0.0968754
0 0.068317 0.191259 0.0133211 0.108754
0 0.0488875 0.199943 0.0166544 0.12429
0 0.0297382 0.200397 0.0160982 0.130694
