0 0.0413947 0.194916 0.0160982 0.110586
0 0.0599898 0.188061 0.0166503 0.115152
0 0.0796933 0.189889 0.0160982 0.115158
0 0.0996769 0.186232 0.0160982 0.111495
0 0.11855 0.187606 0.0138773 0.114242
0 0.139088 0.177094 0.0149857 0.118808
0 0.157129 0.166125 0.0155419 0.133434
0 0.17628 0.160185 0.0138773 0.138
0 0.0216892 0.197657 0.0166544 0.101441
0 0.194599 0.140539 0.0138773 0.160848
0 0.214027 0.135054 0.0172065 0.166337
0 0.234008 0.130943 0.0194274 0.14897
0 0.253992 0.135051 0.0160982 0.129778
0 0.272031 0.140539 0.0144335 0.122465
0 0.292016 0.13871 0.0155419 0.126121
0 0.312276 0.142822 0.0138773 0.12338
0 0.331149 0.146478 0.0160982 0.112418
0 0.350853 0.15196 0.0166503 0.105104
0 0.370282 0.159731 0.0155419 0.0968754
0 0.390266 0.153788 0.0155419 0.0996162
0 0.408583 0.156529 0.0144335 0.114242
0 0.428843 0.159731 0.0149857 0.10967
0 0.44716 0.161101 0.0138773 0.105098
0 0.465757 0.170697 0.0144335 0.115158
0 0.485184 0.172983 0.0133211 0.117899
0 0.505166 0.168414 0.0155419 0.114242
0 0.524595 0.169781 0.0144335 0.115158
0 0.543744 0.173896 0.018319 0.117892
0 0.563452 0.171609 0.0155419 0.124296
0 0.581213 0.164758 0.0166503 0.132519
0 0.598421 0.162471 0.0144294 0.116983
0 0.617573 0.147391 0.0138773 0.128869
0 0.636722 0.146475 0.0188753 0.127037
0 0.655873 0.141906 0.0160982 0.12338
0 0.675301 0.137337 0.0183149 0.108761
0 0.695006 0.143276 0.0166544 0.12064
0 0.714155 0.140535 0.0149857 0.127953
0 0.733029 0.14465 0.0205358 0.125205
0 0.753566 0.142822 0.0160982 0.12703
0 0.772164 0.135512 0.0166544 0.106929
0 0.791313 0.138249 0.0149857 0.110586
0 0.810464 0.134141 0.0177628 0.104189
0 0.82989 0.13597 0.0155419 0.100532
0 0.850151 0.138707 0.0149857 0.104189
0 0.86847 0.138707 0.0116564 0.111502
0 0.887344 0.141906 0.0172065 0.110586
0 0.908157 0.145104 0.0111043 0.0968754
0 0.926476 0.147848 0.0144335 0.0968822
0 0.945904 0.152418 0.0133211 0.10602
0 0.965331 0.152875 0.0144335 0.114236
0 0.985039 0.151505 0.0116564 0.115158
