0 0.981673 0.165104 0.0139141 0.10901
0 0.0173783 0.153256 0.0139141 0.164303
0 0.0356094 0.154047 0.0158323 0.143758
0 0.0547996 0.146148 0.0158323 0.123219
0 0.0747076 0.157599 0.0163108 0.136653
0 0.0962965 0.15799 0.0143926 0.16429
0 0.115726 0.153266 0.0158282 0.146936
0 0.135877 0.143374 0.0148712 0.128741
0 0.155785 0.14536 0.0134356 0.132714
0 0.174497 0.145751 0.0143926 0.139811
0 0.195125 0.132323 0.0134315 0.117697
0 0.213354 0.135879 0.0134315 0.110586
0 0.234703 0.137061 0.0139141 0.111374
0 0.254613 0.142199 0.0134315 0.113744
0 0.272845 0.146145 0.0143926 0.109003
0 0.293474 0.145357 0.0143926 0.112168
0 0.312904 0.149306 0.0139141 0.123219
0 0.332573 0.161155 0.0129571 0.131118
0 0.352002 0.165892 0.0153497 0.1327
0 0.373352 0.168263 0.0148753 0.1327
0 0.393499 0.159182 0.012953 0.131912
0 0.41293 0.14733 0.0134356 0.122431
0 0.43284 0.148515 0.01391 0.124801
0 0.452509 0.146936 0.0158323 0.1327
0 0.471219 0.144566 0.0139141 0.116902
0 0.49209 0.144566 0.0163108 0.126384
0 0.511519 0.148515 0.0119959 0.134283
0 0.53071 0.149704 0.0158323 0.139811
0 0.550618 0.146145 0.0124744 0.140599
0 0.569808 0.148121 0.0124744 0.141387
0 0.588998 0.148515 0.0153538 0.139024
0 0.610348 0.145754 0.0139141 0.14297
0 0.628579 0.150098 0.0158323 0.135859
0 0.64609 0.146542 0.0163108 0.14297
0 0.665759 0.148121 0.0163108 0.138236
0 0.687108 0.150492 0.0148712 0.138236
0 0.703658 0.15602 0.0124703 0.124013
0 0.722849 0.16471 0.0143926 0.112949
0 0.741798 0.173795 0.012953 0.104263
0 0.760748 0.169054 0.0191902 0.11532
0 0.782577 0.169845 0.0158282 0.112162
0 0.801767 0.17498 0.0119918 0.11769
0 0.822397 0.175374 0.0139141 0.116902
0 0.843027 0.180508 0.0139141 0.128747
0 0.862695 0.176165 0.0139141 0.129542
0 0.881166 0.171424 0.0115174 0.120061
0 0.901315 0.167475 0.0163149 0.12796
0 0.921943 0.161155 0.0124744 0.146916
0 0.941853 0.163131 0.0167935 0.146128
0 0.961763 0.164313 0.0124744 0.118485
