0 0.0345869 0.144199 0.0142454 0.114741
0 0.0170879 0.151084 0.0120818 0.134626
0 0.0542556 0.147771 0.0133211 0.124943
0 0.0737669 0.153889 0.013317 0.147374
0 0.0932822 0.147007 0.0126994 0.136667
0 0.112638 0.149044 0.0136278 0.126465
0 0.131532 0.149044 0.0142454 0.126465
0 0.151045 0.152104 0.0123885 0.120343
0 0.170247 0.154401 0.0117669 0.117798
0 0.189141 0.161283 0.0123926 0.117286
0 0.208499 0.165108 0.0126953 0.115764
0 0.228012 0.173013 0.0120818 0.101987
0 0.247834 0.183465 0.0102209 0.0953603
0 0.266728 0.195195 0.0120818 0.0943367
0 0.28593 0.198764 0.0126953 0.105556
0 0.305444 0.203865 0.0151738 0.107596
0 0.324955 0.203098 0.0151779 0.112189
0 0.341683 0.216104 0.0126994 0.0994411
0 0.36073 0.222222 0.0148671 0.101481
0 0.380243 0.222478 0.0130102 0.104027
0 0.400221 0.221714 0.0139387 0.0963838
0 0.419423 0.224771 0.013317 0.0963838
0 0.439554 0.221966 0.0139387 0.10097
0 0.458914 0.225791 0.0130102 0.115758
0 0.478117 0.224266 0.0142454 0.11066
0 0.495926 0.221205 0.0114601 0.119838
0 0.516679 0.22299 0.0114601 0.113212
0 0.535881 0.222222 0.0114601 0.109643
0 0.555701 0.230128 0.013317 0.115246
0 0.574753 0.226047 0.0136278 0.109131
0 0.594264 0.226047 0.0148671 0.098936
0 0.613775 0.214828 0.0136278 0.101993
0 0.632515 0.214828 0.013317 0.124431
0 0.652027 0.201061 0.0102209 0.123414
0 0.670303 0.208966 0.0114601 0.163697
0 0.689969 0.185253 0.0123885 0.119327
0 0.709947 0.181485 0.0136196 0.119778
0 0.729479 0.180599 0.012544 0.129805
0 0.749366 0.164963 0.0128998 0.098532
0 0.768002 0.182074 0.0114642 0.120956
0 0.786994 0.177057 0.0114683 0.0955825
0 0.806168 0.181485 0.0132597 0.110337
0 0.826057 0.186498 0.0128998 0.106209
0 0.845231 0.1983 0.0132597 0.113286
0 0.863685 0.200953 0.0136196 0.119778
0 0.88429 0.203609 0.0125399 0.121549
0 0.90382 0.200067 0.0114683 0.123906
0 0.922816 0.194758 0.012184 0.107387
0 0.941988 0.185613 0.0146912 0.0985387
0 0.962235 0.172337 0.0143354 0.101481
