0 0.257012 0.147727 0.0124703 0.124801
0 0.0204949 0.169448 0.0153538 0.101899
0 0.972558 0.170633 0.0158323 0.0995286
0 0.954808 0.16866 0.0167894 0.10664
0 0.936096 0.173007 0.0187117 0.0979461
0 0.915227 0.173795 0.0163108 0.107428
0 0.895078 0.163131 0.0143926 0.112956
0 0.875409 0.150492 0.0153497 0.131906
0 0.85574 0.160761 0.0143926 0.117697
0 0.83583 0.169057 0.0158323 0.105845
0 0.81544 0.179323 0.0124744 0.107428
0 0.795532 0.181296 0.012953 0.0987407
0 0.776342 0.178138 0.0158323 0.0987407
0 0.75691 0.167475 0.0134356 0.135865
0 0.737239 0.182485 0.0163108 0.121643
0 0.71709 0.186828 0.0143926 0.112956
0 0.697661 0.177347 0.0167935 0.0939933
0 0.677511 0.175768 0.012953 0.128747
0 0.658321 0.159576 0.0158323 0.124808
0 0.637213 0.1497 0.01391 0.136653
0 0.618264 0.153256 0.0143926 0.142175
0 0.598593 0.155626 0.0105521 0.134283
0 0.579644 0.149306 0.0148712 0.120067
0 0.554937 0.1497 0.0191902 0.152451
0 0.535507 0.150492 0.0167894 0.147704
0 0.516076 0.150492 0.0211084 0.138236
0 0.493049 0.165896 0.0134356 0.0805724
0 0.474579 0.177744 0.0148753 0.0789899
0 0.453468 0.189195 0.0148712 0.0892593
0 0.4338 0.189987 0.0129571 0.086101
0 0.41389 0.186037 0.0134315 0.0892593
0 0.394221 0.173397 0.0134315 0.0892593
0 0.375031 0.161155 0.0105521 0.0979461
0 0.35464 0.152862 0.012953 0.112956
0 0.335211 0.145754 0.0134315 0.127172
0 0.315542 0.150094 0.0134315 0.1327
0 0.294912 0.152862 0.0134315 0.124013
0 0.275961 0.152071 0.012953 0.122431
0 0.236384 0.142593 0.0163108 0.119273
0 0.216955 0.139828 0.012953 0.120061
0 0.198243 0.12798 0.0158323 0.134276
0 0.178092 0.139828 0.0158323 0.104263
0 0.157703 0.137852 0.0143926 0.101899
0 0.138035 0.139828 0.0163149 0.109003
0 0.119086 0.145357 0.0158323 0.109003
0 0.0991759 0.154835 0.017272 0.104269
0 0.0783047 0.165104 0.0167894 0.104269
0 0.0595951 0.17103 0.0167935 0.103475
0 0.0392065 0.167869 0.0172679 0.101892
