0 0.0156973 0.193145 0.0148712 0.161926
0 0.034409 0.184852 0.0206299 0.161138
0 0.0545583 0.186431 0.0196687 0.164296
0 0.0732679 0.183273 0.0177505 0.148498
0 0.0931779 0.176953 0.0143885 0.16903
0 0.112607 0.171818 0.0167894 0.169832
0 0.131078 0.179721 0.0220654 0.158768
0 0.152186 0.180902 0.018229 0.156404
0 0.172096 0.183667 0.0167894 0.161933
0 0.190566 0.186431 0.017272 0.153239
0 0.211916 0.178926 0.0158323 0.163508
0 0.228947 0.186034 0.017272 0.166667
0 0.250297 0.188404 0.012953 0.187205
0 0.270207 0.18801 0.0115133 0.19431
0 0.288914 0.184852 0.017272 0.199051
0 0.309305 0.186828 0.0129571 0.198263
0 0.327775 0.183273 0.0143885 0.191152
0 0.347444 0.184852 0.0153538 0.199051
0 0.369033 0.186825 0.0143926 0.206162
0 0.388223 0.188801 0.0115133 0.221172
0 0.406454 0.190774 0.0134315 0.220377
0 0.426603 0.200256 0.0143926 0.236175
0 0.446994 0.185643 0.0139141 0.218007
0 0.465464 0.170239 0.0163108 0.212478
0 0.483693 0.185249 0.0182331 0.22196
0 0.506 0.189593 0.0177505 0.213273
0 0.52591 0.186825 0.0163108 0.223535
0 0.5451 0.182875 0.0153538 0.220377
0 0.565249 0.185246 0.0143926 0.214061
0 0.585162 0.197094 0.0177505 0.201421
0 0.60555 0.189987 0.0163108 0.196687
0 0.625458 0.186434 0.0158323 0.208532
0 0.64273 0.183667 0.0167894 0.202997
0 0.661679 0.193145 0.0143926 0.193522
0 0.680632 0.194727 0.0196687 0.191946
0 0.699581 0.19038 0.017272 0.199051
0 0.721409 0.188407 0.0158323 0.206162
0 0.740121 0.186828 0.0158323 0.198263
0 0.760507 0.193148 0.0163108 0.201421
0 0.780178 0.190778 0.0220654 0.210902
0 0.801047 0.192751 0.0139141 0.208532
0 0.818319 0.192751 0.0177505 0.213273
0 0.838708 0.19433 0.0143885 0.216431
0 0.856699 0.198279 0.0139141 0.218013
0 0.877808 0.202626 0.0187076 0.214061
0 0.897955 0.211313 0.0177505 0.212485
0 0.917384 0.200253 0.0143926 0.242498
0 0.937297 0.190774 0.0206299 0.220377
0 0.958885 0.200253 0.0158323 0.22196
