0 0.88318 0.145104 0.0166503 0.124296
0 0.0200245 0.200859 0.0199836 0.100532
0 0.039728 0.196744 0.0172065 0.0941347
0 0.0599877 0.193545 0.0155419 0.100532
0 0.0805276 0.195828 0.0166544 0.114242
0 0.101622 0.193545 0.0166503 0.115158
0 0.120217 0.194458 0.0160982 0.116983
0 0.139366 0.198114 0.0144294 0.10602
0 0.158239 0.206798 0.0144335 0.112411
0 0.177945 0.20771 0.0149898 0.105104
0 0.199593 0.21365 0.0149898 0.0987071
0 0.217634 0.208626 0.0177628 0.110586
0 0.237337 0.20771 0.0160982 0.117899
0 0.256211 0.20497 0.018319 0.121549
0 0.275362 0.205424 0.0166544 0.12064
0 0.293681 0.199485 0.0199836 0.13435
0 0.310609 0.188061 0.0127689 0.115152
0 0.331149 0.194458 0.0149857 0.120633
0 0.351409 0.182579 0.0122086 0.124296
0 0.370004 0.182579 0.0183149 0.116983
0 0.389988 0.192172 0.0149857 0.106929
0 0.409969 0.187148 0.0149898 0.102364
0 0.430507 0.19263 0.0149857 0.106013
0 0.450215 0.187606 0.0144335 0.106929
0 0.469364 0.201771 0.0149898 0.111502
0 0.488791 0.208626 0.0149898 0.0959596
0 0.508497 0.211367 0.0166503 0.101441
0 0.529037 0.209539 0.0144335 0.105098
0 0.548742 0.201313 0.0138773 0.101441
0 0.56817 0.200397 0.0149898 0.105104
0 0.587597 0.18532 0.0160941 0.111502
0 0.608413 0.183949 0.0144294 0.114242
0 0.62562 0.174811 0.0166544 0.114242
0 0.646714 0.158357 0.0166503 0.103273
0 0.666419 0.149677 0.018319 0.115152
0 0.687235 0.150131 0.0166544 0.127037
0 0.70583 0.147391 0.0127648 0.150795
0 0.725258 0.138253 0.0160941 0.138
0 0.745517 0.139623 0.0155419 0.135259
0 0.765501 0.142822 0.0166544 0.130694
0 0.786039 0.144192 0.0166503 0.131603
0 0.804912 0.140077 0.0144294 0.152626
0 0.824618 0.144192 0.0172106 0.135266
0 0.844323 0.141451 0.0144294 0.135266
0 0.86292 0.141906 0.0160982 0.117899
0 0.90344 0.14465 0.0149857 0.117892
0 0.921759 0.146024 0.0160982 0.113327
0 0.941462 0.153788 0.0133211 0.119724
0 0.961724 0.160185 0.0138773 0.101448
