0 0.644595 0.153889 0.0120777 0.126983
0 0.313652 0.167657 0.0179632 0.119838
0 0.333472 0.169189 0.0161063 0.13004
0 0.352368 0.168421 0.0154847 0.125448
0 0.372346 0.150572 0.0145562 0.131569
0 0.391546 0.155421 0.0139387 0.119838
0 0.410131 0.151084 0.0176524 0.12035
0 0.429489 0.150576 0.0136278 0.110148
0 0.44993 0.153125 0.016728 0.111165
0 0.469599 0.154145 0.0139387 0.132586
0 0.488182 0.144199 0.0145562 0.137178
0 0.507231 0.143178 0.0142495 0.120862
0 0.527362 0.148024 0.0136278 0.121367
0 0.545636 0.145222 0.0136278 0.129017
0 0.565458 0.150064 0.0130102 0.126471
0 0.586055 0.149556 0.0120777 0.127488
0 0.605104 0.141653 0.0136278 0.133098
0 0.624926 0.148788 0.0154888 0.1127
0 0.293984 0.169953 0.0151738 0.115246
0 0.663489 0.148791 0.013317 0.122902
0 0.683775 0.136296 0.0142495 0.126465
0 0.70493 0.131919 0.0164867 0.129212
0 0.724998 0.120707 0.0164826 0.151636
0 0.743634 0.11835 0.0157669 0.148094
0 0.765493 0.130448 0.0136196 0.113286
0 0.784309 0.134869 0.0139755 0.103259
0 0.804374 0.151687 0.0103926 0.106202
0 0.823548 0.14903 0.012184 0.0879192
0 0.843078 0.137525 0.012544 0.0991313
0 0.862074 0.141949 0.0132597 0.100896
0 0.882857 0.152276 0.0146953 0.0920404
0 0.901851 0.151094 0.0118241 0.101488
0 0.92156 0.142246 0.012544 0.094404
0 0.941092 0.142835 0.0136196 0.102667
0 0.960444 0.135461 0.0107526 0.0961751
0 0.0229714 0.138593 0.0120777 0.176956
0 0.0404724 0.136044 0.0142454 0.121879
0 0.0599857 0.138593 0.0123885 0.10862
0 0.0798078 0.142418 0.0136278 0.116269
0 0.0983926 0.147003 0.0111493 0.113212
0 0.118524 0.13196 0.0142495 0.1127
0 0.13881 0.129919 0.0139387 0.1127
0 0.156775 0.130178 0.0126994 0.0989293
0 0.17737 0.139354 0.0136278 0.101993
0 0.196264 0.137825 0.0142454 0.104027
0 0.216088 0.145222 0.0130102 0.103522
0 0.23591 0.150572 0.0123926 0.109131
0 0.254648 0.148027 0.0145562 0.105051
0 0.273851 0.159498 0.0145562 0.0943367
