0 0.446327 0.183037 0.0166544 0.12338
0 0.029182 0.209539 0.0194274 0.105098
0 0.0502761 0.209539 0.0138773 0.101448
0 0.0694254 0.203599 0.0177628 0.113327
0 0.092184 0.205424 0.0199836 0.115158
0 0.113278 0.205882 0.0188753 0.121556
0 0.135481 0.187148 0.0166544 0.102364
0 0.155742 0.187145 0.0127689 0.104189
0 0.17517 0.180293 0.0149857 0.121556
0 0.194043 0.173438 0.0149898 0.12429
0 0.21236 0.156987 0.0149857 0.12064
0 0.232898 0.15333 0.0127648 0.12064
0 0.251771 0.153333 0.0160982 0.115152
0 0.271755 0.151047 0.0127689 0.116074
0 0.290072 0.150135 0.0172065 0.121549
0 0.310055 0.157444 0.0160941 0.154458
0 0.330593 0.157444 0.0138732 0.132519
0 0.349744 0.162929 0.0144335 0.125212
0 0.367229 0.16567 0.0172065 0.121549
0 0.386656 0.178007 0.018319 0.131609
0 0.407751 0.182579 0.0160982 0.116983
0 0.427176 0.179377 0.0138773 0.119724
0 0.467421 0.177094 0.015546 0.115158
0 0.486016 0.173896 0.0183149 0.121556
0 0.503779 0.167044 0.0127689 0.142572
0 0.525427 0.152875 0.0127689 0.125212
0 0.544022 0.157902 0.0166503 0.137084
0 0.562063 0.167956 0.018319 0.15171
0 0.582601 0.188061 0.0138732 0.137091
0 0.601196 0.204966 0.0166503 0.127037
0 0.620348 0.218677 0.0160982 0.130687
0 0.640329 0.230559 0.0205358 0.134343
0 0.658092 0.234215 0.018319 0.134343
0 0.678632 0.23467 0.018319 0.146229
0 0.698613 0.22736 0.0149857 0.160848
0 0.71693 0.223249 0.018319 0.172734
0 0.738581 0.198572 0.0194274 0.134343
0 0.759951 0.197202 0.0199836 0.171818
0 0.776049 0.178923 0.0155419 0.153535
0 0.794644 0.179377 0.0149898 0.138
0 0.814348 0.187603 0.0155419 0.167246
0 0.834888 0.203599 0.0155419 0.157192
0 0.854869 0.216394 0.021092 0.164505
0 0.876239 0.220505 0.0138773 0.14532
0 0.893172 0.226448 0.0166503 0.15171
0 0.91371 0.222791 0.0166544 0.153542
0 0.933135 0.220508 0.0177628 0.165421
0 0.952564 0.202229 0.0133252 0.12338
0 0.971992 0.190343 0.0155419 0.12338
