0 0.568867 0.148788 0.0161063 0.120862
0 0.588534 0.164855 0.0133211 0.149926
0 0.607736 0.161535 0.0145562 0.135138
0 0.627714 0.1493 0.0136278 0.117805
0 0.647538 0.145219 0.0154847 0.136162
0 0.667204 0.134256 0.0120777 0.137684
0 0.686871 0.130175 0.0142495 0.126465
0 0.962235 0.152865 0.012184 0.107387
0 0.942166 0.14962 0.0143354 0.112694
0 0.922098 0.151094 0.0172025 0.119185
0 0.902926 0.158764 0.0139755 0.100303
0 0.882857 0.152869 0.0139755 0.102667
0 0.863327 0.149623 0.0129039 0.109158
0 0.844333 0.145785 0.0129039 0.108566
0 0.824446 0.140475 0.0132597 0.116828
0 0.805092 0.140475 0.0132597 0.106202
0 0.784845 0.143721 0.0143354 0.116236
0 0.764417 0.151394 0.0136196 0.120956
0 0.745067 0.147556 0.0128998 0.108566
0 0.724998 0.146081 0.0128998 0.111515
0 0.706364 0.132508 0.0136196 0.119778
0 0.020184 0.16536 0.0139387 0.154007
0 0.039544 0.169953 0.0148671 0.136673
0 0.0593661 0.170721 0.0130061 0.135138
0 0.0794969 0.157202 0.0142495 0.121367
0 0.0987014 0.149552 0.0123885 0.136667
0 0.119297 0.155421 0.0139387 0.1127
0 0.139276 0.166892 0.0154847 0.130552
0 0.158168 0.159246 0.0142495 0.131569
0 0.178609 0.159754 0.0154847 0.136667
0 0.197348 0.155677 0.0126994 0.131569
0 0.217791 0.1493 0.0164172 0.155542
0 0.236683 0.150576 0.0157955 0.129529
0 0.256196 0.163071 0.0151738 0.128
0 0.276329 0.173522 0.0126994 0.137684
0 0.295687 0.164599 0.0148671 0.138195
0 0.315665 0.157202 0.013317 0.132586
0 0.335642 0.145475 0.0117669 0.146869
0 0.355773 0.159754 0.0130102 0.125448
0 0.375131 0.158478 0.0151779 0.130034
0 0.394025 0.152869 0.0139387 0.118815
0 0.413693 0.15134 0.0130061 0.117805
0 0.433515 0.145222 0.0105317 0.13004
0 0.451481 0.138081 0.0154847 0.135138
0 0.471767 0.143946 0.013317 0.126465
0 0.490816 0.144966 0.0167239 0.11831
0 0.50971 0.16664 0.0136278 0.1127
0 0.529376 0.169697 0.0157996 0.126976
0 0.548579 0.157461 0.0164131 0.116781
