0 0.034456 0.158357 0.0166503 0.103273
0 0.0166933 0.170239 0.0144335 0.103279
0 0.0552699 0.157902 0.0138773 0.118808
0 0.076364 0.148306 0.0172106 0.132519
0 0.094681 0.14602 0.0172065 0.122465
0 0.11411 0.148306 0.0149857 0.121556
0 0.134648 0.151963 0.0149898 0.125205
0 0.153521 0.147391 0.0160982 0.145313
0 0.174059 0.144195 0.0172065 0.16268
0 0.193487 0.140081 0.018319 0.176391
0 0.213192 0.15333 0.0177628 0.131603
0 0.233176 0.15333 0.0133211 0.140747
0 0.25316 0.15836 0.0133211 0.139832
0 0.272309 0.156529 0.0149898 0.127037
0 0.292292 0.151505 0.0138773 0.12429
0 0.313384 0.1547 0.0127648 0.136175
0 0.332814 0.154246 0.0116564 0.129771
0 0.352517 0.163384 0.0133211 0.118808
0 0.372223 0.164754 0.0172065 0.116067
0 0.392763 0.172525 0.0127648 0.118815
0 0.41219 0.163387 0.0160941 0.122465
0 0.43162 0.154246 0.0116564 0.122471
0 0.450491 0.165212 0.0183149 0.168162
0 0.469642 0.152872 0.0188753 0.223912
0 0.488513 0.178923 0.0133211 0.148054
0 0.54791 0.174354 0.0155419 0.127953
0 0.567892 0.168869 0.0166503 0.135259
0 0.586487 0.158815 0.0160982 0.151717
0 0.606746 0.157448 0.0133211 0.136175
0 0.626452 0.15836 0.0127648 0.138
0 0.646992 0.154704 0.0127648 0.141663
0 0.666419 0.152875 0.0138773 0.14532
0 0.686403 0.152875 0.0138773 0.158114
0 0.706108 0.153333 0.0166503 0.16268
0 0.726922 0.146475 0.0172065 0.139832
0 0.744687 0.143276 0.0160982 0.12064
0 0.764945 0.158357 0.0122127 0.141657
0 0.784652 0.149219 0.0149898 0.132525
0 0.804636 0.160185 0.0138773 0.150795
0 0.823507 0.140077 0.018319 0.158108
0 0.842658 0.140081 0.0166544 0.117899
0 0.863751 0.146936 0.0155419 0.116983
0 0.884288 0.144192 0.0144335 0.118808
0 0.903164 0.145108 0.0177628 0.111495
0 0.925088 0.140993 0.0149857 0.138
0 0.943129 0.140993 0.0222004 0.165421
0 0.963667 0.148764 0.0188753 0.159024
